475981339X
4004150930
4140807431
4774141291
4860650530
4864010048
4864010056
4492521453
453231139X
4004308569
4797336617
4797357401
4903506002
4000062441
4652078404
4756107850
4274067572
4022502797
4062573679
400500475X
4314009977
4005004830
4822283801
4887596995
4150503583
400007489X
4062577240
450154970X
4000253549
448601863X
4621045938
4797341378
4905849152
4812445620
419891477X
4198914915
4198915113
4022645547
4022645555
4990491106
4839938830
4334035604
4532191769
4303714305
4871483517
4320026926
4756136494
4535600120
B005IHLNOC
B005HTNHO0
